# yamllint disable
acc: 0.5892857142857142
end-of-epoch: true
f1: 0.5725025187940789
loss: 2.1063715517520905
unixtime: 1713844399.5857167
