# yamllint disable
acc: 0.6964285714285714
end-of-epoch: true
f1: 0.6875
loss: 1.265247255563736
unixtime: 1713842068.3183599
