# yamllint disable
acc: 0.6964285714285714
end-of-epoch: true
f1: 0.6883788254755997
loss: 1.3295692950487137
unixtime: 1713842073.9595208
