# yamllint disable
acc: 0.6428571428571428
end-of-epoch: true
f1: 0.6328541374474053
loss: 1.3529032170772552
unixtime: 1713842076.4059618
