# yamllint disable
acc: 0.6071428571428571
end-of-epoch: true
f1: 0.6032011466794076
loss: 1.9556594789028168
unixtime: 1713844395.475572
