# yamllint disable
acc: 0.6428571428571429
end-of-epoch: true
f1: 0.6405303030303031
loss: 1.6790588796138766
unixtime: 1713844390.6903079
