# yamllint disable
acc: 0.625
end-of-epoch: true
f1: 0.6173536608319218
loss: 1.9486979395151138
unixtime: 1713844402.396064
