# yamllint disable
acc: 0.6071428571428572
end-of-epoch: true
f1: 0.595913890031537
loss: 1.9634923934936523
unixtime: 1713844400.4053996
